x**3+4*x**2-10
i              m                             f(m)           
1              1.5                           2.375          
2              1.25                          -1.796875      
3              1.375                         0.162109375    
4              1.3125                        -0.848388671875
5              1.34375                       -0.350982666015625
6              1.359375                      -0.09640884399414062
7              1.3671875                     0.03235578536987305
8              1.36328125                    -0.03214997053146362
9              1.365234375                   7.202476263046265e-05
